21 21 21 21 21 21 21 21 21 21 21 21 21 21 21 21 21 21 21 21 21 21 21 21 21 21 21 21 21 21 21 21 21 21 21 21 21 21 21 21 21 21 21 21 21 21 21 21 21 21 21 21 21 21 21 21 21 21 21 21 21 21 21 21 21 21 21 21 21 21 21 21 21 21 21 21 21 21 21 21 21 21 21 21 21 21 21 21 21 21 21 21 21 21 21 21 21 21 21 21 
21 21 21 21 21 21 21 21 21 21 21 21 21 21 21 21 21 21 21 21 21 21 21 21 21 21 21 21 21 21 21 21 21 21 21 21 21 21 21 21 21 21 21 21 21 21 21 21 21 21 21 21 21 21 21 21 21 21 21 21 21 21 21 21 21 21 21 21 21 21 21 21 21 21 21 21 21 21 21 21 21 21 21 21 21 21 21 21 21 21 21 21 21 21 21 21 21 21 21 21 
21 21 21 21 21 21 21 21 21 21 21 21 21 21 21 21 21 21 21 21 21 21 21 21 21 21 21 21 21 21 21 21 21 21 21 21 21 21 21 21 21 21 21 21 21 21 21 21 21 21 21 21 21 21 21 21 21 21 21 21 21 21 21 21 21 21 21 21 21 21 21 21 21 21 21 21 21 21 21 21 21 21 21 21 21 21 21 21 21 21 21 21 21 21 21 21 21 21 21 21 
21 21 21 21 21 21 21 21 21 21 21 21 21 21 21 21 21 21 21 21 21 21 21 21 21 21 21 21 21 21 21 21 21 21 21 21 21 21 21 21 21 21 21 21 21 21 21 21 21 21 21 21 21 21 21 21 21 21 21 21 21 21 21 21 21 21 21 21 21 21 21 21 21 21 21 21 21 21 21 21 21 21 21 21 21 21 21 21 21 21 21 21 21 21 21 21 21 21 21 21 
21 21 21 21 21 21 21 21 21 21 21 21 21 21 21 21 21 21 21 21 21 21 21 21 21 21 21 21 21 21 21 21 21 21 21 21 21 21 21 21 21 21 21 21 21 21 21 21 21 21 21 21 21 21 21 21 21 21 21 21 21 21 21 21 21 21 21 21 21 21 21 21 21 21 21 21 21 21 21 21 21 21 21 21 21 21 21 21 21 21 21 21 21 21 21 21 21 21 21 21 
21 21 21 21 21 21 21 21 21 21 21 21 21 21 21 21 21 21 21 21 21 21 21 21 21 21 21 21 21 21 21 21 21 21 21 21 21 21 21 21 21 21 21 21 21 21 21 21 21 21 21 21 21 21 21 21 21 21 21 21 21 21 21 21 21 21 21 21 21 21 21 21 21 21 21 21 21 21 21 21 21 21 21 21 21 21 21 21 21 21 21 21 21 21 21 21 21 21 21 21 
21 21 21 21 21 21 21 21 21 21 21 21 21 21 21 21 21 21 21 21 21 21 21 21 21 21 21 21 21 21 21 21 21 21 21 21 21 21 21 21 21 21 21 21 21 21 21 21 21 21 21 21 21 21 21 21 21 21 21 21 21 21 21 21 21 21 21 21 21 21 21 21 21 21 21 21 21 21 21 21 21 21 21 21 21 21 21 21 21 21 21 21 21 21 21 21 21 21 21 21 
21 21 21 21 21 21 21 21 21 21 21 21 21 21 21 21 21 21 21 21 21 21 21 21 21 21 21 21 21 21 21 21 21 21 21 21 21 21 21 21 21 21 21 21 21 21 21 21 21 21 21 21 21 21 21 21 21 21 21 21 21 21 21 21 21 21 21 21 21 21 21 21 21 21 21 21 21 21 21 21 21 21 21 21 21 21 21 21 21 21 21 21 21 21 21 21 21 21 21 21 
21 21 21 21 21 21 21 21 21 21 21 21 21 21 21 21 21 21 21 21 21 21 21 21 21 21 21 21 21 21 21 21 21 21 21 21 21 21 21 21 21 21 21 21 21 21 21 21 21 22 31 29 29 29 29 29 32 22 21 21 21 21 21 21 21 21 21 21 21 21 21 21 21 21 21 21 21 21 21 21 21 21 21 21 21 21 21 21 21 21 21 21 21 21 21 21 21 21 21 21 
21 21 21 21 21 21 21 21 21 21 21 21 21 21 21 21 21 21 21 21 21 21 21 21 21 21 21 21 21 21 21 21 21 21 21 21 21 21 21 21 21 21 21 21 21 21 21 22 21 31 30 155 164 164 164 158 28 32 21 21 21 21 21 21 21 21 21 21 21 21 21 21 21 21 21 21 21 21 21 21 21 21 21 21 21 21 21 21 21 21 21 21 21 21 21 21 21 21 21 21 
21 21 21 21 21 21 21 21 21 21 21 21 21 21 21 21 21 21 21 21 21 21 21 21 21 21 21 21 21 21 21 21 21 21 21 21 21 21 21 21 21 21 21 21 21 21 21 31 29 30 1 154 156 156 156 157 1 28 29 32 22 21 21 21 21 21 21 21 21 21 21 21 21 21 21 21 21 21 21 21 21 21 21 21 21 21 21 21 21 21 21 21 21 21 21 21 21 21 21 21 
21 21 21 21 21 21 21 21 21 21 21 21 21 21 21 21 21 21 21 21 21 21 21 21 21 21 21 21 21 21 21 21 21 21 21 21 21 21 21 21 21 21 21 21 21 21 31 30 90 89 88 153 152 151 150 149 90 89 88 28 32 21 21 21 21 21 21 21 21 21 21 21 21 21 21 21 21 21 21 21 21 21 21 21 21 21 21 21 21 21 21 21 21 21 21 21 21 21 21 21 
21 21 21 21 21 21 21 21 21 21 21 21 21 21 21 21 21 21 21 21 21 21 21 21 21 21 21 21 21 21 21 21 21 21 21 21 21 21 21 21 21 21 21 21 21 21 27 1 87 86 85 161 153 159 149 163 87 86 85 1 26 21 21 21 21 21 21 21 21 21 21 21 21 21 21 21 21 21 21 21 21 21 21 21 21 21 21 21 21 21 21 21 21 21 21 21 21 21 21 21 
21 21 21 21 21 21 21 21 21 21 21 21 21 21 21 21 21 22 21 21 21 21 21 21 21 21 21 21 21 21 21 21 21 21 21 21 21 21 21 21 21 21 21 21 21 31 30 1 84 83 82 96 138 138 138 98 84 83 82 55 28 32 21 21 21 21 21 21 21 21 21 21 21 21 21 21 21 21 21 21 21 21 21 21 21 21 21 21 21 21 21 21 21 21 21 21 21 21 21 21 
21 21 21 21 21 21 21 21 21 21 21 21 21 21 21 21 21 22 21 21 21 21 21 21 21 21 21 22 21 21 21 21 21 21 21 21 21 21 21 21 21 21 21 21 21 27 1 8 1 1 62 96 138 138 138 98 1 1 148 1 1 26 21 21 21 21 21 21 21 21 21 21 21 21 21 21 21 21 21 21 21 21 21 21 21 21 21 21 21 21 21 21 21 21 21 21 21 21 21 21 
21 21 21 21 21 21 21 21 21 21 22 21 21 21 21 21 31 29 29 29 29 29 29 29 29 29 29 29 32 21 21 21 21 21 21 21 21 21 21 21 21 21 21 21 21 27 110 1 148 1 1 96 138 138 138 98 2 8 1 1 110 26 21 21 21 21 21 21 21 21 21 21 21 21 21 21 21 21 21 21 21 21 21 21 21 21 21 21 21 21 21 21 21 21 21 21 21 21 21 21 
21 21 21 21 21 21 22 21 21 21 21 21 21 21 31 29 30 51 49 49 49 49 49 49 49 49 49 52 28 32 21 21 21 21 21 21 21 21 21 21 21 21 21 21 21 27 111 110 1 2 2 96 138 138 138 98 1 1 2 110 111 26 21 21 21 21 21 21 21 21 21 21 21 21 21 21 21 21 21 21 21 21 21 21 21 21 21 21 21 21 21 21 21 21 21 21 21 21 21 21 
21 21 21 21 21 21 22 21 21 21 21 21 21 31 30 2 51 269 268 268 268 267 110 110 110 110 110 46 8 28 32 21 21 21 21 21 21 21 21 21 21 21 21 21 21 27 111 111 110 1 212 96 138 138 138 98 212 1 110 111 111 26 21 21 21 21 21 21 21 21 21 21 21 21 21 21 21 21 21 21 21 21 21 21 21 21 21 21 21 21 21 21 21 21 21 21 21 21 21 21 
21 21 21 21 21 21 21 21 21 31 29 29 29 30 51 49 50 266 265 265 265 264 111 111 111 111 111 48 49 52 26 21 21 22 21 21 21 21 21 21 21 21 21 21 21 27 111 111 111 1 213 96 138 138 138 98 213 2 111 111 111 26 21 21 21 21 21 21 21 21 21 21 21 21 21 21 21 21 21 21 21 21 21 21 21 21 21 21 21 21 21 21 21 21 21 21 21 21 21 21 
21 21 21 21 21 21 21 21 21 27 51 49 49 49 50 212 1 263 271 262 261 260 109 109 109 111 111 110 110 46 26 21 21 21 21 21 21 21 21 21 21 21 21 21 21 27 109 111 111 2 1 96 138 138 138 98 1 1 111 111 109 26 21 21 21 21 21 21 21 21 21 21 21 21 21 21 21 21 21 21 21 21 21 21 21 21 21 21 21 21 21 21 21 21 21 21 21 21 21 21 
21 21 21 21 21 21 21 22 21 27 47 58 1 1 1 213 62 259 270 258 257 256 15 13 16 111 111 111 111 46 28 29 32 21 21 21 21 21 21 21 21 21 21 21 21 33 25 109 111 1 212 96 138 138 138 98 212 1 111 109 23 34 21 21 21 21 21 21 21 21 21 21 21 21 21 21 21 21 21 21 21 21 21 21 21 21 21 21 21 21 21 21 21 21 21 21 21 21 21 21 
21 21 21 21 21 21 21 31 29 30 47 110 110 110 2 1 2 11 3 3 3 3 3 3 10 109 111 111 111 46 2 1 26 21 21 21 21 21 21 21 21 21 21 21 21 21 33 25 109 1 213 96 138 138 138 98 213 1 109 23 34 21 21 21 21 21 21 21 21 21 21 21 21 21 21 21 21 21 21 21 21 21 21 21 21 21 21 21 21 21 21 21 21 21 21 21 21 21 21 21 
21 21 21 21 21 21 21 27 2 51 110 111 111 111 110 110 110 11 3 3 3 3 3 3 12 16 109 109 109 48 49 52 28 29 32 21 21 22 21 21 21 21 21 21 21 21 21 33 25 2 1 99 100 100 100 101 1 1 23 34 21 21 21 21 21 21 21 21 21 21 21 21 21 21 21 21 21 21 21 21 21 21 21 21 21 21 21 21 21 21 21 21 21 21 21 21 21 21 21 21 
21 21 21 21 21 21 21 27 51 50 111 111 111 111 111 111 111 17 5 5 5 9 3 3 3 10 2 1 90 89 88 46 8 1 28 32 21 21 21 21 21 21 21 21 21 21 21 21 27 110 110 110 1 1 1 110 110 110 26 21 21 21 21 21 21 21 21 21 21 21 21 21 21 21 21 21 21 21 21 21 21 21 21 21 21 21 21 21 21 21 21 21 21 21 21 21 21 21 21 21 
21 21 21 21 21 22 21 27 47 110 111 111 111 111 111 111 111 110 110 110 110 110 9 3 3 10 212 1 87 86 85 48 49 52 1 26 21 21 21 21 21 21 21 21 21 21 21 21 27 111 111 109 1 1 1 109 111 111 26 21 21 21 21 21 21 21 21 21 21 21 21 21 21 21 21 21 21 21 21 21 21 21 21 21 21 21 21 21 21 21 21 21 21 21 21 21 21 21 21 21 
21 21 21 21 21 21 21 27 47 111 111 111 111 111 111 111 111 111 111 111 111 109 11 3 3 10 213 1 84 83 82 1 1 46 1 26 21 21 21 21 21 21 21 21 21 22 21 21 27 109 109 15 13 13 13 16 109 109 28 29 32 22 21 21 21 21 21 21 21 21 21 21 21 21 21 21 21 21 21 21 21 21 21 21 21 21 21 21 21 21 21 21 21 21 21 21 21 21 21 21 
21 21 21 21 21 21 21 27 47 111 111 111 111 111 111 111 111 111 111 111 111 15 14 3 3 10 1 2 1 110 110 110 110 110 110 28 32 21 21 21 21 21 21 21 21 21 21 31 30 1 2 11 3 3 3 12 2 2 1 58 28 32 21 22 21 21 21 21 21 21 21 21 21 21 21 21 21 21 21 21 21 21 21 21 21 21 21 21 21 21 21 21 21 21 21 21 21 21 21 21 
21 21 21 21 21 21 21 27 47 111 111 111 111 109 109 109 109 109 109 109 109 14 3 3 3 10 1 110 110 111 111 111 111 111 111 1 26 21 21 21 21 21 22 21 21 21 31 30 81 80 79 78 9 3 3 3 12 16 60 57 55 28 32 21 21 21 21 21 21 21 21 21 21 21 21 21 21 21 21 21 21 21 21 21 21 21 21 21 21 21 21 21 21 21 21 21 21 21 21 21 
21 21 21 21 21 21 21 27 47 109 109 109 109 1 1 1 1 1 2 15 14 3 3 3 4 18 110 111 111 111 111 111 111 111 111 2 26 21 21 21 21 21 22 21 22 31 30 1 77 76 75 74 17 9 3 3 3 10 1 1 1 1 26 21 21 22 21 21 21 21 21 21 21 21 21 21 21 21 21 21 21 21 21 21 21 21 21 21 21 21 21 21 21 21 21 21 21 21 21 21 
21 21 21 21 21 21 21 27 47 1 1 1 1 8 23 24 24 25 1 11 3 3 3 4 18 1 111 111 111 111 111 111 111 111 111 1 26 21 21 21 21 21 21 21 31 30 1 1 73 72 71 70 92 17 9 3 3 10 137 136 135 1 28 32 21 21 21 21 21 21 21 21 21 21 21 21 21 21 21 21 21 21 21 21 21 21 21 21 21 21 21 21 21 21 21 21 21 21 21 21 
21 21 21 21 21 21 21 27 53 56 1 59 2 65 28 29 29 30 1 11 3 3 4 62 2 1 109 109 109 109 109 109 109 109 109 23 34 21 21 21 22 21 21 31 30 1 2 1 69 68 67 66 91 15 14 3 3 10 134 125 132 92 1 26 21 21 21 21 21 21 21 21 21 21 21 21 21 21 21 21 21 21 21 21 21 21 21 21 21 21 21 21 21 21 21 21 21 21 21 21 
21 21 21 21 21 21 21 33 25 53 45 45 45 45 45 45 45 45 54 17 5 5 18 1 1 1 299 2 1 1 2 1 1 1 23 34 21 21 21 21 21 21 21 27 1 1 1 1 15 13 13 16 15 14 3 3 3 10 123 122 121 91 1 26 21 21 21 21 21 21 21 21 22 21 21 21 21 22 21 21 21 21 21 21 21 21 21 21 21 21 21 21 21 21 21 21 21 21 21 21 
21 21 21 21 21 21 21 21 27 110 2 108 94 94 94 94 94 94 94 94 94 94 107 1 53 45 45 45 45 45 45 45 45 54 26 21 21 22 21 21 21 22 21 27 1 58 8 1 11 3 3 12 14 3 3 3 4 18 1 60 1 1 23 34 21 22 21 21 21 21 21 21 21 21 21 21 21 21 21 21 21 21 21 22 21 21 21 21 21 21 21 21 21 21 21 21 21 21 21 21 
21 21 21 21 21 22 21 21 27 111 110 96 97 97 97 97 97 97 97 97 97 97 98 1 110 110 110 110 110 110 110 110 110 110 26 21 21 21 21 21 21 21 21 27 1 2 1 57 17 9 3 3 3 3 3 4 18 8 1 1 55 23 34 21 21 21 21 21 21 21 21 21 21 31 29 29 29 29 29 29 29 29 29 32 22 21 21 21 21 21 21 21 21 21 21 21 21 21 21 21 
21 21 21 21 21 21 21 21 27 111 111 96 97 97 97 97 97 97 97 97 97 97 98 1 109 111 111 111 111 111 111 111 111 111 26 21 21 21 21 21 21 22 21 27 1 1 1 1 55 11 3 3 3 3 4 18 58 1 1 1 1 26 21 22 21 21 21 21 21 22 21 21 31 30 51 49 49 49 49 49 49 49 52 28 32 21 21 22 21 21 21 21 21 21 21 21 21 21 21 21 
21 21 21 21 21 21 21 21 27 111 111 96 97 97 218 100 100 100 100 100 100 100 105 2 1 111 111 111 111 111 111 111 111 111 26 21 21 21 22 21 21 21 21 27 110 110 110 110 110 110 9 3 3 4 110 110 110 110 110 110 110 26 21 21 21 21 21 21 21 21 31 29 30 51 50 51 49 49 49 49 52 2 48 52 28 32 21 21 21 21 21 21 21 21 21 21 21 21 21 21 
21 21 21 21 21 21 22 21 27 111 111 96 97 97 98 55 2 201 200 199 198 1 1 1 1 109 111 111 111 111 111 111 111 111 26 21 21 21 21 21 21 21 21 27 111 111 111 111 111 111 11 3 3 10 111 111 111 111 111 111 111 28 32 21 21 22 21 21 31 29 30 51 49 50 51 50 1 1 2 1 48 52 1 48 52 26 22 21 21 21 21 21 21 21 21 21 21 21 21 21 
21 21 21 21 21 21 21 21 27 109 111 96 97 97 98 1 1 197 196 195 194 1 55 1 1 1 109 109 109 109 109 109 109 109 26 21 21 21 21 21 21 21 22 27 111 111 111 111 111 111 11 3 3 10 109 109 109 109 111 111 111 111 28 32 21 21 21 31 30 51 49 50 51 49 50 1 148 148 148 2 1 48 52 2 46 26 21 21 21 21 21 21 21 21 21 21 21 21 21 21 
21 21 21 21 21 21 21 21 33 25 111 96 97 97 98 1 212 193 192 191 190 92 1 1 59 1 53 45 45 45 45 45 45 54 26 21 21 21 21 21 21 21 21 27 111 111 111 109 109 109 11 3 3 10 81 80 79 78 109 109 109 109 1 28 29 29 29 30 51 50 55 51 50 1 1 1 148 148 148 2 55 1 48 52 46 26 21 22 21 21 21 21 21 21 21 21 21 21 21 21 
21 21 21 21 21 21 21 22 21 27 111 96 97 97 103 94 213 189 202 188 187 91 62 94 94 94 94 94 94 1 55 1 1 55 26 21 22 21 21 21 21 21 21 27 111 111 111 148 148 148 11 3 3 10 77 76 75 74 1 55 1 2 1 1 1 1 1 51 50 2 51 50 1 2 1 81 80 79 78 1 90 89 88 46 46 26 22 21 21 22 21 21 21 21 21 21 21 21 21 21 
21 21 21 21 21 21 21 22 21 27 111 96 97 97 97 97 97 97 97 97 97 97 97 97 97 97 97 97 97 155 164 164 164 158 26 21 21 21 21 21 21 21 22 27 111 111 111 148 148 148 11 3 3 10 73 72 71 70 92 2 1 1 1 148 148 148 51 50 51 49 50 90 89 88 1 77 76 75 74 1 87 86 85 46 46 28 29 32 21 21 21 21 21 21 21 21 21 21 21 21 
21 21 21 21 21 21 21 21 21 27 111 96 97 97 97 97 97 97 97 97 97 97 97 97 97 97 97 97 97 154 156 156 156 157 26 21 21 21 21 21 22 21 21 27 111 111 111 148 148 148 11 3 3 12 69 68 67 66 91 13 13 13 16 148 148 148 47 51 50 1 1 87 86 85 2 73 72 71 70 92 84 83 82 46 48 49 52 26 22 21 21 21 21 21 21 21 21 21 21 21 
21 21 21 21 21 21 21 21 21 27 111 110 100 100 100 100 100 100 100 100 100 100 100 100 100 100 104 97 97 162 165 165 165 160 26 21 21 21 21 21 21 21 21 27 111 111 111 148 148 148 11 3 3 3 3 3 3 3 3 3 3 3 12 16 1 1 47 47 1 58 1 84 83 82 62 69 68 67 66 91 1 1 1 48 52 1 46 26 21 21 21 21 21 21 21 21 21 21 21 21 
21 21 21 21 21 21 285 284 21 27 111 111 110 2 1 2 1 2 1 129 128 136 135 1 60 62 96 97 97 162 152 151 150 160 26 22 21 21 21 21 21 21 22 27 111 111 111 1 55 1 17 9 3 3 3 3 3 3 3 3 3 3 3 12 16 55 47 47 1 1 1 2 1 2 8 11 3 3 10 1 57 1 1 1 46 2 46 26 21 21 22 22 21 21 21 21 21 21 21 21 
21 21 21 21 21 21 282 281 280 27 109 109 109 1 129 128 135 1 92 126 125 125 132 93 94 94 102 97 97 162 160 159 162 160 26 21 21 21 22 21 21 21 21 27 111 111 111 1 2 1 1 17 5 5 5 5 5 5 5 5 9 3 3 3 10 1 47 47 1 2 2 1 55 1 60 11 3 3 10 8 23 24 25 1 46 1 46 26 22 21 21 21 21 21 21 21 21 21 21 21 
21 21 21 21 22 21 279 278 277 27 1 212 1 92 126 125 132 93 91 123 122 122 121 102 97 97 97 97 97 97 97 97 98 62 26 21 21 21 21 21 21 22 21 27 111 111 111 129 128 127 1 55 2 2 1 55 1 2 2 1 17 9 3 3 10 2 47 47 1 55 1 57 1 2 1 11 3 3 10 58 28 29 30 57 46 2 46 26 22 22 21 21 21 21 21 21 21 21 21 21 
21 21 21 21 21 21 21 37 37 33 25 213 62 91 123 122 121 102 97 97 97 97 97 97 97 97 97 97 97 97 97 97 98 2 28 29 29 29 29 29 29 29 29 30 111 111 111 126 125 124 92 1 57 8 182 183 184 185 186 1 58 11 3 3 10 1 47 53 56 1 53 45 45 45 54 14 3 3 10 1 1 8 1 1 46 1 46 26 21 21 21 21 21 21 21 21 21 21 21 21 
21 21 21 21 21 21 21 37 37 37 37 97 97 97 97 97 97 97 97 97 97 97 97 97 97 218 100 100 100 100 100 100 110 110 110 110 110 110 110 110 110 110 110 110 111 111 111 123 122 121 91 13 13 16 177 178 179 180 181 1 15 14 3 3 10 1 53 56 47 1 1 1 1 15 14 3 3 3 10 90 89 88 1 1 46 1 46 26 21 21 21 21 21 21 21 21 21 21 21 21 
21 21 21 21 21 22 21 37 37 37 37 97 97 97 97 97 97 97 97 218 100 100 100 100 100 110 110 110 110 110 110 110 111 111 111 111 111 111 111 111 111 111 111 111 111 111 111 3 3 3 3 3 3 10 172 173 174 175 176 15 14 3 3 3 10 1 2 47 53 56 1 1 15 14 3 3 3 4 18 87 86 85 1 44 54 2 46 26 21 21 22 21 21 21 21 21 21 21 21 21 
21 21 21 21 21 22 21 37 37 37 37 100 100 100 100 100 100 100 100 105 110 110 110 110 110 111 111 111 111 111 111 111 111 111 111 111 111 111 111 111 111 111 111 111 111 111 111 3 3 3 3 3 3 62 171 170 169 168 167 14 3 3 3 3 10 1 57 47 2 47 1 8 11 3 3 3 4 18 2 84 83 82 44 54 1 44 54 26 22 21 21 21 21 21 21 21 21 21 21 21 
21 21 21 21 21 21 21 37 37 21 131 110 110 110 110 110 110 110 110 110 111 111 111 111 111 111 111 111 111 111 111 111 111 109 109 109 109 109 109 109 109 109 109 109 111 111 111 5 5 5 9 3 3 3 3 3 3 3 3 3 3 3 4 5 18 1 1 53 56 47 1 1 11 3 3 4 18 1 1 1 1 1 46 44 45 54 23 34 21 21 21 21 21 21 21 21 21 21 21 21 
21 21 21 21 21 21 21 131 22 21 27 111 111 111 111 111 111 111 111 111 111 111 111 111 111 111 109 109 109 109 109 109 109 44 45 45 45 45 45 45 45 45 45 56 111 111 111 2 129 128 127 9 3 3 3 3 3 3 3 3 4 5 18 1 60 1 2 1 47 53 56 1 11 3 3 10 44 45 45 45 45 45 54 46 1 23 34 21 21 21 21 21 21 21 21 21 21 21 21 21 
21 21 21 21 21 21 21 21 21 21 27 111 111 111 111 111 111 111 111 111 111 109 109 109 109 109 44 45 45 45 45 45 45 54 212 1 120 119 119 118 1 212 62 53 109 109 109 8 126 125 124 17 5 9 3 3 3 3 4 5 18 2 110 147 146 145 110 1 53 56 47 1 11 3 3 10 54 44 45 45 45 45 45 54 60 26 21 21 21 21 21 21 21 21 21 21 21 21 21 21 
21 21 21 21 21 22 21 21 22 31 30 111 109 109 109 109 109 109 109 109 109 44 45 45 45 45 54 108 94 94 94 94 94 94 213 94 114 113 113 112 94 213 94 107 15 13 13 13 123 122 121 62 13 14 3 3 4 5 18 1 1 1 109 144 143 142 109 8 2 47 53 56 11 3 3 10 44 54 8 1 1 212 120 119 118 26 21 21 21 21 22 21 21 21 21 21 21 21 21 21 
21 21 21 21 21 21 21 21 31 30 110 111 211 210 209 1 53 45 45 45 45 54 58 2 211 210 209 96 138 138 138 138 138 138 138 138 138 138 138 138 138 138 138 98 11 3 3 3 3 3 3 3 3 3 3 3 12 16 2 1 58 1 8 141 140 139 62 2 2 53 15 13 14 3 3 10 1 1 137 136 135 213 114 113 112 26 22 21 21 21 21 21 21 21 21 21 21 21 21 21 
21 21 21 21 22 22 21 31 30 110 109 109 208 207 206 92 212 120 119 119 119 118 212 92 208 207 206 99 138 138 138 138 138 138 138 138 138 138 138 138 138 138 138 98 11 3 3 3 3 3 3 3 3 3 3 3 3 12 16 1 60 2 1 1 8 1 1 60 1 15 14 3 3 3 3 10 1 1 134 133 132 92 1 2 23 34 21 21 21 21 21 21 21 21 21 21 21 21 21 21 
21 21 21 21 21 21 21 27 110 111 108 62 205 204 203 91 213 114 113 113 113 112 213 91 205 204 203 62 138 138 218 100 100 100 100 100 100 100 100 100 100 100 100 105 17 5 5 5 5 5 5 5 5 9 3 3 3 3 12 13 13 13 13 13 13 13 13 13 13 14 3 3 3 3 4 18 55 62 123 122 121 91 1 23 34 21 21 21 21 21 21 21 21 21 21 21 21 21 21 21 
21 21 21 21 21 21 21 27 111 111 96 138 138 138 138 138 138 138 138 138 138 138 138 138 138 138 138 138 138 138 98 137 136 127 2 110 110 110 110 110 110 110 110 110 110 110 110 110 110 1 2 2 8 17 9 3 3 3 3 3 3 3 3 3 3 3 3 3 3 3 3 3 3 4 18 1 1 1 1 2 1 1 23 34 284 21 21 21 21 21 21 21 21 21 21 21 21 21 21 21 
21 21 21 21 21 21 21 27 111 111 96 138 138 138 138 138 138 138 138 138 138 138 138 138 138 138 138 138 138 138 98 134 133 124 92 109 109 109 109 109 109 109 109 109 109 111 111 111 111 110 2 1 1 2 17 9 3 3 3 3 3 3 3 3 3 3 3 3 3 3 3 4 5 18 1 61 2 1 2 1 1 23 34 282 281 280 21 21 22 21 21 21 21 22 21 21 21 22 21 21 
21 21 21 21 21 22 21 27 111 111 96 138 138 214 215 216 217 100 155 164 164 164 158 100 214 215 216 217 138 138 98 123 122 121 91 23 24 24 24 24 24 24 24 24 25 111 111 111 111 111 110 1 1 1 60 17 5 9 3 3 4 5 5 5 5 5 5 5 5 5 5 18 1 2 2 1 58 1 1 1 23 34 21 279 278 277 21 21 21 21 21 21 21 21 21 21 21 21 21 21 
21 21 21 21 21 21 21 27 111 111 96 138 138 197 196 195 194 8 154 156 156 156 157 55 197 196 195 194 138 138 98 2 60 1 1 26 21 21 21 21 21 21 21 21 27 109 111 111 111 111 111 110 110 110 110 110 110 17 5 5 18 110 110 110 110 110 110 110 110 110 1 110 110 110 1 1 1 23 24 24 34 21 21 21 21 21 21 21 21 21 21 21 21 21 21 21 21 21 21 21 
21 21 21 21 21 21 21 27 111 111 96 138 138 193 192 191 190 212 162 153 151 149 160 212 193 192 191 190 138 138 103 107 1 2 23 34 21 22 21 21 21 21 21 22 33 25 109 109 109 111 111 111 111 111 111 111 111 110 1 2 110 111 111 111 111 111 111 109 109 109 44 109 109 109 23 24 24 34 21 21 21 21 22 21 22 21 21 21 21 21 21 21 21 21 21 22 21 21 21 21 
21 21 22 21 21 21 21 27 111 111 96 138 138 189 202 188 187 213 162 161 159 163 160 213 189 202 188 187 138 138 138 98 1 58 26 21 21 21 21 21 21 21 21 21 21 27 1 2 1 109 109 109 109 109 109 109 109 109 1 1 109 109 109 109 109 109 109 44 45 45 54 23 24 24 34 21 21 21 21 21 21 21 21 21 21 21 21 21 21 22 21 21 21 21 21 21 21 21 21 21 
21 21 21 21 21 21 21 27 111 111 96 138 138 138 138 138 138 138 138 138 138 138 138 138 138 138 138 138 138 138 138 98 110 110 26 21 21 21 21 21 21 21 21 21 21 33 25 237 237 237 237 237 237 237 240 1 1 1 1 1 1 2 1 239 237 237 1 46 1 23 24 34 21 22 21 21 21 22 21 21 22 21 21 21 21 21 21 21 21 21 21 21 21 21 21 21 21 21 21 21 
21 21 21 21 21 21 22 27 109 111 96 138 138 138 138 138 138 138 138 138 138 138 138 138 138 138 138 138 138 138 138 98 111 111 26 21 21 21 21 21 21 21 22 21 21 247 228 230 226 7 7 7 7 7 236 240 1 2 1 1 62 2 239 238 7 7 219 229 219 229 246 21 21 21 21 21 21 21 21 21 21 21 21 21 21 22 21 21 21 21 21 21 21 21 21 21 21 21 21 21 
21 21 21 21 21 21 21 33 25 111 106 100 100 100 100 100 100 100 100 272 273 276 276 275 274 100 100 100 104 138 138 98 111 111 26 21 22 21 21 21 21 21 21 21 21 247 7 222 228 230 7 7 7 7 7 236 237 240 1 1 239 237 238 7 7 7 221 219 229 7 246 21 21 21 21 21 21 21 21 21 21 21 21 21 21 21 21 21 21 21 21 21 21 21 21 21 21 21 21 21 
21 21 21 21 21 21 21 21 27 111 110 1 2 1 1 2 1 8 1 177 178 179 179 178 181 2 1 55 99 138 138 98 111 111 26 21 21 21 21 21 21 21 21 21 21 247 7 228 230 228 230 7 7 7 7 7 7 236 237 237 238 7 7 7 7 220 229 221 7 243 254 21 21 21 22 21 21 21 21 21 21 21 21 21 21 21 21 21 21 21 21 21 21 21 21 21 21 21 21 21 
21 21 21 21 22 21 21 22 27 111 111 110 1 212 1 120 119 119 118 172 173 174 174 175 176 120 119 119 118 138 138 98 111 111 26 21 21 21 21 21 21 21 21 21 22 247 7 255 228 230 228 230 7 7 7 7 7 7 7 7 7 7 7 7 7 7 219 229 7 246 21 21 21 21 21 21 21 21 21 21 21 21 21 21 21 21 21 21 21 21 21 21 21 21 21 21 21 21 21 21 
21 21 21 21 21 21 21 21 27 109 111 111 110 213 62 114 113 113 112 171 168 169 169 170 167 114 113 113 112 138 138 98 109 109 26 21 22 21 21 21 21 21 22 21 21 253 245 7 7 228 230 228 230 7 7 7 7 7 7 7 7 7 7 7 7 7 221 7 7 246 22 21 21 21 21 21 21 21 21 21 21 21 21 21 21 21 21 21 21 21 21 21 21 21 21 21 21 21 21 21 
21 21 21 21 21 21 21 21 33 25 111 111 111 1 96 138 138 138 138 138 138 138 138 138 138 138 138 138 138 138 138 98 23 24 34 21 21 21 21 21 21 21 21 21 21 21 247 7 7 7 222 7 228 220 220 229 7 7 7 7 7 7 7 7 219 220 229 7 7 246 21 21 22 21 21 21 21 21 21 21 21 21 21 21 21 21 21 21 21 21 21 21 21 21 22 21 21 21 21 21 
21 21 21 22 21 21 21 22 21 27 111 111 111 110 96 138 138 138 138 138 138 138 138 138 138 138 138 138 138 138 138 98 26 21 21 21 21 21 21 21 22 21 21 21 21 21 247 7 7 7 228 230 7 7 7 7 7 7 7 7 7 7 7 7 221 7 255 7 243 254 21 21 21 21 21 21 21 21 21 21 21 21 21 21 21 21 21 21 21 22 21 21 21 21 21 21 21 21 21 21 
21 21 21 21 21 21 21 21 21 27 109 111 111 111 110 100 100 100 100 100 100 100 100 100 100 100 100 100 104 138 138 98 26 21 21 21 21 21 21 21 21 21 21 21 21 21 247 7 7 7 7 228 230 7 7 7 7 7 7 297 296 295 219 220 229 7 7 243 254 21 21 21 21 21 21 21 21 21 21 21 21 21 21 21 21 21 21 21 21 21 21 21 21 21 21 21 21 21 21 21 
21 21 21 21 21 21 21 21 21 33 25 109 111 111 111 110 110 2 1 2 1 58 1 1 81 80 79 78 96 138 138 98 26 21 21 21 21 21 21 21 21 21 21 21 22 21 253 245 7 7 7 7 228 230 7 7 7 7 7 294 293 292 7 7 7 7 243 254 21 21 21 21 22 21 21 21 21 21 21 21 21 21 21 21 21 21 21 21 21 21 21 21 22 21 21 21 21 21 21 21 
21 21 21 21 21 21 21 21 21 21 33 25 109 111 111 111 111 110 110 110 110 110 1 92 73 72 71 70 96 138 138 98 26 21 22 21 21 21 21 21 21 21 21 21 21 21 21 253 245 7 7 7 7 228 220 220 230 7 7 291 290 289 298 7 7 7 246 21 21 21 21 21 21 21 21 21 21 21 21 21 21 21 21 21 21 21 21 21 21 21 21 21 21 21 21 21 21 21 21 21 
21 21 21 21 21 21 21 22 21 21 21 33 25 109 111 111 111 111 111 111 111 111 110 91 69 67 68 66 96 138 138 98 26 21 21 21 21 21 21 22 21 21 21 21 21 21 22 21 253 245 7 7 7 7 7 7 7 7 7 288 287 286 7 7 243 244 254 21 21 22 21 21 21 21 21 21 21 21 21 21 21 21 21 21 21 21 21 21 21 21 21 21 21 21 21 21 21 21 21 21 
21 21 21 21 21 21 21 21 21 21 21 22 33 25 109 109 109 109 109 109 109 109 109 8 1 1 2 1 96 138 138 98 26 21 21 21 21 21 21 21 21 21 21 21 21 21 21 21 21 253 245 7 7 7 7 7 7 7 7 7 7 7 7 243 254 21 21 21 21 21 21 21 21 21 21 21 21 21 21 21 21 21 21 21 21 21 21 21 21 21 21 21 21 21 21 21 21 21 21 21 
21 21 21 21 21 21 21 21 21 21 21 21 21 33 24 24 24 24 24 24 24 24 24 24 24 24 25 1 96 138 138 98 26 21 22 21 21 21 21 21 21 21 21 21 21 21 21 21 21 21 253 244 245 7 7 7 7 7 7 7 7 7 243 254 21 22 21 21 21 21 21 21 21 21 21 21 21 21 21 21 21 21 21 21 21 21 21 21 21 21 21 21 21 21 21 21 21 21 21 21 
21 21 21 21 21 21 21 21 21 21 21 22 21 21 21 21 22 21 21 21 21 21 22 21 21 21 27 2 96 138 138 98 26 21 22 21 21 21 21 21 21 21 21 22 21 21 21 22 21 21 21 21 21 244 244 244 244 244 37 37 244 244 254 22 21 21 21 21 21 21 21 21 21 22 21 21 21 21 21 21 21 21 21 21 21 21 21 21 21 21 21 21 21 21 21 21 21 21 21 21 
21 21 21 21 21 21 21 21 21 21 21 31 29 29 29 29 32 269 268 268 268 267 31 29 29 29 30 1 96 138 138 98 26 21 21 21 21 21 21 21 21 21 21 21 21 21 21 21 21 21 21 21 21 21 21 22 21 21 37 37 21 21 285 284 21 21 21 21 21 21 21 21 21 21 21 21 21 21 21 21 21 21 21 21 21 21 21 21 21 21 21 21 21 21 21 21 21 21 21 21 
21 21 21 21 21 21 21 22 21 21 31 30 211 210 209 58 28 266 265 265 265 264 30 211 210 209 1 8 96 138 138 98 26 21 21 21 21 21 21 21 21 21 21 21 21 21 21 21 21 21 22 21 21 21 21 21 37 37 37 37 37 37 282 281 280 21 21 21 21 21 21 21 21 21 21 21 21 21 21 21 21 21 21 21 21 21 21 21 21 21 21 21 21 21 21 21 21 21 21 21 
21 21 21 21 21 21 21 21 21 31 30 1 208 207 206 92 60 263 271 262 261 260 212 208 207 206 62 1 96 138 138 98 26 21 21 21 21 22 21 21 21 21 21 21 21 21 21 21 21 21 21 21 21 21 21 21 37 37 37 37 37 37 279 278 277 21 21 21 22 21 21 21 21 21 21 21 21 21 21 21 21 21 21 21 21 21 21 21 21 21 21 21 21 21 21 21 21 21 21 21 
21 21 21 21 21 21 22 21 21 27 1 62 205 204 203 91 62 259 270 258 257 256 213 205 204 203 94 94 102 138 138 105 26 21 21 22 21 21 21 21 21 21 21 21 21 21 21 21 21 21 21 21 21 21 21 21 21 21 21 21 21 21 21 21 21 21 22 21 21 21 21 21 21 21 21 21 21 21 21 21 21 21 21 21 21 21 21 21 21 21 21 21 21 21 21 21 21 21 21 21 
21 21 21 21 21 21 21 21 21 33 25 8 96 138 138 103 94 102 138 138 138 103 102 138 138 138 138 138 138 138 138 23 34 21 22 22 21 22 21 21 21 21 21 21 21 21 21 21 22 21 21 21 21 21 21 21 21 21 21 21 21 21 21 21 21 21 21 21 21 21 21 21 21 21 21 21 21 21 21 21 21 21 21 21 21 21 21 21 21 21 21 21 21 21 21 21 21 21 21 21 
21 21 21 21 21 21 21 21 21 21 27 1 96 138 138 138 138 138 138 138 138 138 138 138 138 138 138 138 138 138 138 26 21 21 21 21 21 21 21 21 21 21 21 21 21 21 21 21 21 21 21 21 21 22 21 21 21 21 21 21 21 21 21 21 21 21 21 21 21 21 21 21 21 21 21 21 21 21 21 21 21 21 21 21 21 21 21 21 21 21 21 21 21 21 21 21 21 21 21 21 
21 21 21 21 21 21 21 21 21 21 33 25 99 100 104 138 138 138 138 138 138 138 138 218 100 100 100 100 100 23 24 34 21 21 21 22 21 21 21 21 21 21 21 21 21 21 21 21 21 21 21 21 21 21 21 21 21 21 21 21 21 21 21 21 21 21 21 21 21 21 21 21 21 21 21 21 21 21 21 21 21 21 21 21 21 21 21 21 21 21 21 21 21 21 21 21 21 21 21 21 
21 21 21 21 21 21 21 22 21 21 21 27 110 110 99 100 100 100 100 100 100 100 100 110 110 110 2 2 23 34 21 21 21 21 21 21 21 21 21 21 21 21 21 21 21 21 21 21 21 21 21 21 21 21 21 21 21 22 21 21 21 21 21 21 21 21 21 21 21 21 21 21 21 21 21 21 21 21 21 21 21 21 21 21 21 21 21 21 21 21 21 21 21 21 21 21 21 21 21 21 
21 21 21 21 21 21 21 21 21 21 21 27 109 109 110 110 110 110 110 110 110 110 110 111 109 109 23 24 34 21 21 21 22 21 21 21 21 21 21 21 21 21 21 21 21 21 21 21 21 21 21 21 21 21 21 21 21 21 21 21 21 21 21 21 21 21 21 21 21 21 21 21 21 21 21 21 21 21 21 21 21 21 21 21 21 21 21 21 21 21 21 21 21 21 21 21 21 21 21 21 
21 21 21 21 21 21 21 21 21 21 21 33 24 25 109 111 111 111 111 111 109 109 109 109 23 24 34 21 22 21 21 21 21 21 21 21 21 21 21 21 21 21 21 21 21 21 21 21 21 21 21 21 21 21 21 21 21 21 21 21 21 21 21 21 21 21 21 21 21 21 21 21 21 21 21 21 21 21 21 21 21 21 21 21 21 21 21 21 21 21 21 21 21 21 21 21 21 21 21 21 
21 21 21 21 21 21 21 21 22 21 21 21 21 33 25 109 109 109 109 109 23 24 24 24 34 21 21 21 21 21 21 21 21 21 21 22 21 21 21 21 21 21 21 21 21 21 21 21 21 21 21 21 21 21 21 21 21 21 21 21 21 21 21 21 21 21 21 21 21 21 21 21 21 21 21 21 21 21 21 21 21 21 21 21 21 21 21 21 21 21 21 21 21 21 21 21 21 21 21 21 
21 21 21 21 21 21 21 21 21 21 21 22 21 21 33 24 24 24 24 24 34 21 21 21 21 22 21 21 21 21 21 21 21 21 21 21 21 21 21 21 21 21 21 21 21 21 21 21 21 21 21 21 21 21 21 21 21 21 21 21 21 21 21 21 21 21 21 21 21 21 21 21 21 21 21 21 21 21 21 21 21 21 21 21 21 21 21 21 21 21 21 21 21 21 21 21 21 21 21 21 
21 21 21 21 21 21 21 21 21 21 21 21 21 21 21 21 21 21 21 21 21 21 21 22 21 21 21 21 22 21 21 21 21 22 21 21 21 21 21 21 21 21 21 21 21 21 21 21 21 21 21 21 21 21 21 21 21 21 21 21 21 21 21 21 21 21 21 21 21 21 21 21 21 21 21 21 21 21 21 21 21 21 21 21 21 21 21 21 21 21 21 21 21 21 21 21 21 21 21 21 
21 21 21 21 21 21 21 21 21 21 21 21 21 21 21 21 21 21 21 21 21 21 21 21 21 21 21 21 21 21 21 21 21 21 21 21 21 21 21 21 21 21 21 21 21 21 21 21 21 21 21 21 21 21 21 21 21 21 21 21 21 21 21 21 21 21 21 21 21 21 21 21 21 21 21 21 21 21 21 21 21 21 21 21 21 21 21 21 21 21 21 21 21 21 21 21 21 21 21 21 
21 21 21 21 21 21 21 21 21 21 21 21 21 21 21 21 21 21 22 21 21 21 21 21 21 21 21 21 21 21 21 21 21 21 21 21 21 21 21 21 21 21 21 21 21 21 21 21 21 21 21 21 21 21 21 21 21 21 21 21 21 21 21 21 21 21 21 21 21 21 21 21 21 21 21 21 21 21 21 21 21 21 21 21 21 21 21 21 21 21 21 21 21 21 21 21 21 21 21 21 
21 21 21 21 21 21 21 21 21 21 21 21 21 21 21 21 21 21 21 21 21 21 21 21 21 21 21 21 21 21 21 21 21 21 21 21 21 21 21 21 21 21 21 21 21 21 21 21 21 21 21 21 21 21 21 21 21 21 21 21 21 21 21 21 21 21 21 21 21 21 21 21 21 21 21 21 21 21 21 21 21 21 21 21 21 21 21 21 21 21 21 21 21 21 21 21 21 21 21 21 
21 21 21 21 21 21 21 21 21 21 21 21 21 21 21 21 21 21 21 21 21 21 21 21 21 21 21 21 21 21 21 21 21 21 21 21 21 21 21 21 21 21 21 21 21 21 21 21 21 21 21 21 21 21 21 21 21 21 21 21 21 21 21 21 21 21 21 21 21 21 21 21 21 21 21 21 21 21 21 21 21 21 21 21 21 21 21 21 21 21 21 21 21 21 21 21 21 21 21 21 
21 21 21 21 21 21 21 21 21 21 21 21 21 21 21 21 21 21 21 21 21 21 21 21 21 21 21 21 21 21 21 21 21 21 21 21 21 21 21 21 21 21 21 21 21 21 21 21 21 21 21 21 21 21 21 21 21 21 21 21 21 21 21 21 21 21 21 21 21 21 21 21 21 21 21 21 21 21 21 21 21 21 21 21 21 21 21 21 21 21 21 21 21 21 21 21 21 21 21 21 
21 21 21 21 21 21 21 21 21 21 21 21 21 21 21 21 21 21 21 21 21 21 21 21 21 21 21 21 21 21 21 21 21 21 21 21 21 21 21 21 21 21 21 21 21 21 21 21 21 21 21 21 21 21 21 21 21 21 21 21 21 21 21 21 21 21 21 21 21 21 21 21 21 21 21 21 21 21 21 21 21 21 21 21 21 21 21 21 21 21 21 21 21 21 21 21 21 21 21 21 
21 21 21 21 21 21 21 21 21 21 21 21 21 21 21 21 21 21 21 21 21 21 21 21 21 21 21 21 21 21 21 21 21 21 21 21 21 21 21 21 21 21 21 21 21 21 21 21 21 21 21 21 21 21 21 21 21 21 21 21 21 21 21 21 21 21 21 21 21 21 21 21 21 21 21 21 21 21 21 21 21 21 21 21 21 21 21 21 21 21 21 21 21 21 21 21 21 21 21 21 
21 21 21 21 21 21 21 21 21 21 21 21 21 21 21 21 21 21 21 21 21 21 21 21 21 21 21 21 21 21 21 21 21 21 21 21 21 21 21 21 21 21 21 21 21 21 21 21 21 21 21 21 21 21 21 21 21 21 21 21 21 21 21 21 21 21 21 21 21 21 21 21 21 21 21 21 21 21 21 21 21 21 21 21 21 21 21 21 21 21 21 21 21 21 21 21 21 21 21 21 
21 21 21 21 21 21 21 21 21 21 21 21 21 21 21 21 21 21 21 21 21 21 21 21 21 21 21 21 21 21 21 21 21 21 21 21 21 21 21 21 21 21 21 21 21 21 21 21 21 21 21 21 21 21 21 21 21 21 21 21 21 21 21 21 21 21 21 21 21 21 21 21 21 21 21 21 21 21 21 21 21 21 21 21 21 21 21 21 21 21 21 21 21 21 21 21 21 21 21 21 
